canberra, 2, 0.0, 0.005602, 12
chebyshev, 2, 2.0980435437e-05, 0.002784, 6
cityblock, 2, 4.39804316699e-05, 0.002707, 6
cosine, 2, nan, 0.012264, 27
euclidean, 2, 3.69161075895e-05, 0.003391, 7
minkowski-0.5n, 2, 4.39804316699e-05, 0.002908, 6
minkowski-n, 2, 3.69161075895e-05, 0.00351, 7
seuclidean, 2, 6.1134743703e-06, 0.015457, 28
sqeuclidean, 2, 0.000399593435745, 0.0033, 6
canberra, 2, 0.0, 0.017039, 42
chebyshev, 2, 2.83437275357e-05, 0.003593, 7
cityblock, 2, 6.16449082713e-05, 0.003538, 7
cosine, 2, nan, 0.00859, 19
euclidean, 2, 4.23920170789e-05, 0.003323, 7
minkowski-0.5n, 2, 6.16449082713e-05, 0.003436, 7
minkowski-n, 2, 4.23920170789e-05, 0.003318, 7
seuclidean, 2, 2.39979954131e-06, 0.014179, 27
sqeuclidean, 2, 0.000397803510623, 0.003064, 6
canberra, 2, 0.0, 0.009546, 23
chebyshev, 2, 2.39587654676e-05, 0.003996, 7
cityblock, 2, 4.61127863502e-05, 0.003729, 6
cosine, 2, nan, 0.011404, 25
euclidean, 2, 4.11651563041e-05, 0.003383, 7
minkowski-0.5n, 2, 4.61127863502e-05, 0.003114, 6
minkowski-n, 2, 4.11651563041e-05, 0.003594, 7
seuclidean, 2, 1.84210750831e-06, 0.011132, 21
sqeuclidean, 2, 0.000398013005281, 0.002754, 6
canberra, 2, 1.66018159575e-06, 0.008939, 20
chebyshev, 2, 1.11472411533e-05, 0.003979, 9
cityblock, 2, 5.97273919425e-05, 0.003666, 7
cosine, 2, nan, 0.012303, 27
euclidean, 2, 4.36340444878e-05, 0.003834, 8
minkowski-0.5n, 2, 5.97273919425e-05, 0.00356, 7
minkowski-n, 2, 4.36340444878e-05, 0.004204, 8
seuclidean, 2, 0.0, 0.018452, 38
sqeuclidean, 2, 0.00039211559681, 0.003, 6
canberra, 2, 0.0, 0.012108, 28
chebyshev, 2, 2.49994419335e-05, 0.003403, 7
cityblock, 2, 4.49247733911e-05, 0.002885, 6
cosine, 2, nan, 0.007655, 16
euclidean, 2, 4.14788968328e-05, 0.003179, 7
minkowski-0.5n, 2, 4.49247733911e-05, 0.002756, 6
minkowski-n, 2, 4.14788968328e-05, 0.004018, 7
seuclidean, 2, 2.77373514734e-06, 0.014064, 29
sqeuclidean, 2, 0.000397197963025, 0.003094, 6
canberra, 2, 7.59288741392e-06, 0.016046, 34
chebyshev, 2, 2.53055043515e-05, 0.006961, 15
cityblock, 2, 4.33863927469e-05, 0.002908, 6
cosine, 2, nan, 0.011955, 30
euclidean, 2, 4.57609021822e-05, 0.004308, 9
minkowski-0.5n, 2, 4.33863927469e-05, 0.002905, 6
minkowski-n, 2, 4.57609021822e-05, 0.00447, 9
seuclidean, 2, 0.0, 0.016214, 33
sqeuclidean, 2, 0.000391386277386, 0.00318, 6
canberra, 2, 0.0, 0.01582, 41
chebyshev, 2, 1.85840036693e-05, 0.003279, 7
cityblock, 2, 5.07823924636e-05, 0.002822, 6
cosine, 2, nan, 0.012796, 26
euclidean, 2, 3.80156981237e-05, 0.003558, 7
minkowski-0.5n, 2, 5.07823924636e-05, 0.003422, 6
minkowski-n, 2, 3.80156981237e-05, 0.003981, 7
seuclidean, 2, 6.25366647e-06, 0.017925, 33
sqeuclidean, 2, 0.000391351962108, 0.003137, 6
canberra, 2, 0.0, 0.007329, 15
chebyshev, 2, 3.09706268382e-05, 0.004454, 9
cityblock, 2, 6.32492990178e-05, 0.003534, 7
cosine, 2, nan, 0.009207, 18
euclidean, 2, 4.33191886628e-05, 0.003383, 7
minkowski-0.5n, 2, 6.32492990178e-05, 0.003571, 7
minkowski-n, 2, 4.33191886628e-05, 0.003702, 7
seuclidean, 2, 9.12144517429e-06, 0.009107, 14
sqeuclidean, 2, 0.000400948952645, 0.003355, 6
canberra, 2, 0.0, 0.008751, 18
chebyshev, 2, 2.32534022473e-05, 0.003608, 8
cityblock, 2, 5.7954186957e-05, 0.00323, 7
cosine, 2, nan, 0.01128, 24
euclidean, 2, 3.21852165968e-05, 0.003088, 7
minkowski-0.5n, 2, 5.7954186957e-05, 0.003608, 7
minkowski-n, 2, 3.21852165968e-05, 0.004591, 7
seuclidean, 2, 2.64019743668e-06, 0.019542, 30
sqeuclidean, 2, 0.000392268175858, 0.004595, 6
canberra, 2, 0.0, 0.015284, 25
chebyshev, 2, 2.28131129774e-05, 0.005079, 7
cityblock, 2, 3.91998995468e-05, 0.004359, 6
cosine, 2, nan, 0.011508, 27
euclidean, 2, 2.55166972067e-05, 0.00281, 6
minkowski-0.5n, 2, 3.91998995468e-05, 0.002879, 6
minkowski-n, 2, 2.55166972067e-05, 0.002806, 6
seuclidean, 2, 2.71593253842e-06, 0.013572, 28
sqeuclidean, 2, 0.000392734487022, 0.002816, 6
canberra, 3, 5.37253251309e-06, 0.035015, 38
chebyshev, 3, 2.64102611709e-05, 0.008216, 8
cityblock, 3, 8.94561663358e-05, 0.007548, 7
cosine, 3, nan, 0.047709, 54
euclidean, 3, 5.71850355726e-05, 0.012054, 10
minkowski-0.5n, 3, 8.94561663358e-05, 0.008102, 7
minkowski-n, 3, 4.46864416972e-05, 0.009608, 8
seuclidean, 3, 0.0, 0.07697, 64
sqeuclidean, 3, 0.0005958142834, 0.007768, 6
canberra, 3, 0.0, 0.019593, 16
chebyshev, 3, 2.04521085863e-05, 0.009303, 7
cityblock, 3, 8.16014466665e-05, 0.007395, 6
cosine, 3, nan, 0.080635, 83
euclidean, 3, 4.23430722947e-05, 0.006517, 6
minkowski-0.5n, 3, 8.16014466665e-05, 0.007183, 6
minkowski-n, 3, 3.34338211303e-05, 0.008297, 7
seuclidean, 3, 5.92187276993e-06, 0.074678, 43
sqeuclidean, 3, 0.000594953965404, 0.010328, 6
canberra, 3, 0.0, 0.026988, 17
chebyshev, 3, 1.4837663457e-05, 0.012713, 7
cityblock, 3, 5.72387374831e-05, 0.010337, 6
cosine, 3, nan, 0.065228, 71
euclidean, 3, 2.89572279257e-05, 0.00718, 6
minkowski-0.5n, 3, 5.72387374831e-05, 0.007565, 6
minkowski-n, 3, 3.89734090049e-05, 0.008522, 7
seuclidean, 3, 1.90953066692e-06, 0.057916, 48
sqeuclidean, 3, 0.000589915155786, 0.007258, 6
canberra, 3, 0.0, 0.03555, 36
chebyshev, 3, 1.0916588252e-05, 0.007514, 6
cityblock, 3, 6.40576026711e-05, 0.007242, 6
cosine, 3, nan, 0.075216, 64
euclidean, 3, 2.85550374173e-05, 0.010281, 6
minkowski-0.5n, 3, 6.40576026711e-05, 0.011526, 6
minkowski-n, 3, 2.04406055673e-05, 0.011422, 6
seuclidean, 3, 9.34835824751e-07, 0.078637, 51
sqeuclidean, 3, 0.000586057423874, 0.010735, 6
canberra, 3, 0.0, 0.159488, 137
chebyshev, 3, 2.28622468512e-05, 0.010898, 7
cityblock, 3, 6.90862446362e-05, 0.008046, 6
cosine, 3, nan, 0.101175, 83
euclidean, 3, 6.01985532995e-05, 0.009439, 8
minkowski-0.5n, 3, 6.90862446362e-05, 0.011496, 6
minkowski-n, 3, 5.91072649314e-05, 0.013088, 9
seuclidean, 3, 4.3608976199e-06, 0.070313, 52
sqeuclidean, 3, 0.000597102167262, 0.008215, 6
canberra, 3, 0.0, 0.019873, 17
chebyshev, 3, 2.78444900914e-05, 0.009986, 8
cityblock, 3, 9.10231677977e-05, 0.008998, 7
cosine, 3, nan, 0.070057, 70
euclidean, 3, 4.70078324497e-05, 0.007844, 7
minkowski-0.5n, 3, 9.10231677977e-05, 0.008486, 7
minkowski-n, 3, 3.92154149154e-05, 0.008788, 7
seuclidean, 3, 2.53664028094e-06, 0.088666, 78
sqeuclidean, 3, 0.000595236115103, 0.00767, 6
canberra, 3, 2.15777751578e-06, 0.031961, 28
chebyshev, 3, 1.64822301656e-05, 0.011911, 7
cityblock, 3, 0.00010500593028, 0.014167, 8
cosine, 3, nan, 0.08738, 100
euclidean, 3, 5.40637580428e-05, 0.011225, 9
minkowski-0.5n, 3, 0.00010500593028, 0.010177, 8
minkowski-n, 3, 4.68877307895e-05, 0.010702, 9
seuclidean, 3, 0.0, 0.076447, 72
sqeuclidean, 3, 0.000592094768237, 0.007099, 6
canberra, 3, 0.0, 0.015944, 15
chebyshev, 3, 3.17376041465e-05, 0.008068, 8
cityblock, 3, 9.68759533322e-05, 0.007777, 7
cosine, 3, nan, 0.067398, 80
euclidean, 3, 4.64605983694e-05, 0.00624, 6
minkowski-0.5n, 3, 9.68759533322e-05, 0.008309, 7
minkowski-n, 3, 4.76836626433e-05, 0.008621, 8
seuclidean, 3, 1.15429888581e-05, 0.079989, 65
sqeuclidean, 3, 0.000602115510475, 0.0072, 6
canberra, 3, 0.0, 0.020635, 22
chebyshev, 3, 1.08178062277e-05, 0.007022, 6
cityblock, 3, 5.5513757502e-05, 0.008663, 6
cosine, 3, nan, 0.07848, 77
euclidean, 3, 4.3067259341e-05, 0.009041, 8
minkowski-0.5n, 3, 5.5513757502e-05, 0.006905, 6
minkowski-n, 3, 3.33182956354e-05, 0.009721, 8
seuclidean, 3, 3.50714246622e-06, 0.058119, 54
sqeuclidean, 3, 0.000594507719271, 0.00664, 6
canberra, 3, 0.0, 0.036719, 20
chebyshev, 3, 2.39217121276e-05, 0.008908, 8
cityblock, 3, 9.96625465035e-05, 0.008237, 7
cosine, 3, nan, 0.058181, 61
euclidean, 3, 4.26284105544e-05, 0.007319, 7
minkowski-0.5n, 3, 9.96625465035e-05, 0.00814, 7
minkowski-n, 3, 3.14215426158e-05, 0.007357, 7
seuclidean, 3, 1.55558484494e-06, 0.049819, 42
sqeuclidean, 3, 0.000595801244756, 0.006576, 6
canberra, 4, 0.0, 0.037162, 15
chebyshev, 4, 1.80645506163e-05, 0.026684, 7
cityblock, 4, 0.000109401858055, 0.028345, 6
cosine, 4, nan, 0.405574, 115
euclidean, 4, 5.65526790979e-05, 0.027003, 7
minkowski-0.5n, 4, 5.65526790979e-05, 0.024133, 7
minkowski-n, 4, 3.47606756748e-05, 0.024436, 7
seuclidean, 4, 3.01931018498e-06, 0.306252, 99
sqeuclidean, 4, 0.000795338263202, 0.020961, 6
canberra, 4, 0.0, 0.033862, 11
chebyshev, 4, 2.10306280337e-05, 0.026034, 7
cityblock, 4, 0.000122333307601, 0.023617, 7
cosine, 4, nan, 0.941992, 192
euclidean, 4, 6.39487366243e-05, 0.025515, 8
minkowski-0.5n, 4, 6.39487366243e-05, 0.026407, 8
minkowski-n, 4, 2.63618879615e-05, 0.021746, 7
seuclidean, 4, 1.48375710864e-05, 0.399871, 125
sqeuclidean, 4, 0.00079850091727, 0.02386, 6
canberra, 4, 0.0, 0.042753, 13
chebyshev, 4, 1.22427238409e-05, 0.018888, 6
cityblock, 4, 0.000122101708115, 0.023561, 7
cosine, 4, nan, 0.787676, 170
euclidean, 4, 5.21898134451e-05, 0.023104, 7
minkowski-0.5n, 4, 5.21898134451e-05, 0.026218, 7
minkowski-n, 4, 3.24332902721e-05, 0.024366, 7
seuclidean, 4, 9.90942012891e-06, 0.303058, 94
sqeuclidean, 4, 0.00079646017916, 0.020969, 6
canberra, 4, 0.0, 0.038299, 11
chebyshev, 4, 1.75046467064e-05, 0.025754, 7
cityblock, 4, 9.72620631217e-05, 0.0203, 6
cosine, 4, nan, 0.130084, 40
euclidean, 4, 4.9435064156e-05, 0.022406, 7
minkowski-0.5n, 4, 4.9435064156e-05, 0.024355, 7
minkowski-n, 4, 2.95954024807e-05, 0.023228, 7
seuclidean, 4, 1.16458160733e-05, 0.223793, 59
sqeuclidean, 4, 0.000793261867486, 0.020572, 6
canberra, 4, 0.0, 0.034954, 11
chebyshev, 4, 1.43965036585e-05, 0.020026, 7
cityblock, 4, 0.000120106794355, 0.022658, 7
cosine, 4, nan, 0.253727, 68
euclidean, 4, 3.85875057702e-05, 0.023108, 7
minkowski-0.5n, 4, 3.85875057702e-05, 0.024485, 7
minkowski-n, 4, 2.85533022719e-05, 0.020464, 6
seuclidean, 4, 3.77215005187e-06, 0.165746, 44
sqeuclidean, 4, 0.000798383351764, 0.02366, 6
canberra, 4, 0.0, 0.071323, 14
chebyshev, 4, 2.28418375059e-05, 0.039967, 7
cityblock, 4, 8.08592323267e-05, 0.032528, 6
cosine, 4, nan, 0.651127, 91
euclidean, 4, 4.99739637263e-05, 0.02324, 7
minkowski-0.5n, 4, 4.99739637263e-05, 0.026741, 7
minkowski-n, 4, 3.80926819474e-05, 0.029785, 8
seuclidean, 4, 3.89737841999e-06, 0.157315, 43
sqeuclidean, 4, 0.000801352867711, 0.022446, 6
canberra, 4, 0.0, 0.038028, 14
chebyshev, 4, 1.38124466815e-05, 0.018459, 6
cityblock, 4, 0.000108617237998, 0.018108, 6
cosine, 4, nan, 0.573069, 114
euclidean, 4, 4.09844912923e-05, 0.026138, 7
minkowski-0.5n, 4, 4.09844912923e-05, 0.027655, 7
minkowski-n, 4, 3.40631920039e-05, 0.028087, 7
seuclidean, 4, 6.46565916895e-06, 0.216916, 61
sqeuclidean, 4, 0.00079314880675, 0.020227, 6
canberra, 4, 0.0, 0.034539, 13
chebyshev, 4, 1.61043040947e-05, 0.018857, 6
cityblock, 4, 9.55875302964e-05, 0.019491, 6
cosine, 4, nan, 0.397603, 99
euclidean, 4, 5.16224741176e-05, 0.023676, 7
minkowski-0.5n, 4, 5.16224741176e-05, 0.027484, 7
minkowski-n, 4, 3.0807901382e-05, 0.02404, 7
seuclidean, 4, 1.04809791992e-05, 0.38527, 111
sqeuclidean, 4, 0.00079158729551, 0.020959, 6
canberra, 4, 0.0, 0.031657, 11
chebyshev, 4, 2.50426193134e-05, 0.023834, 7
cityblock, 4, 0.000120388650402, 0.02303, 7
cosine, 4, nan, 0.511111, 124
euclidean, 4, 5.28743335764e-05, 0.022762, 7
minkowski-0.5n, 4, 5.28743335764e-05, 0.022974, 7
minkowski-n, 4, 3.30505351087e-05, 0.023091, 7
seuclidean, 4, 7.11446105583e-07, 0.100497, 22
sqeuclidean, 4, 0.000799477650943, 0.019766, 6
canberra, 4, 0.0, 0.034528, 13
chebyshev, 4, 2.11181736915e-05, 0.024208, 8
cityblock, 4, 0.000103184366253, 0.018484, 6
cosine, 4, nan, 0.48218, 118
euclidean, 4, 5.51336903527e-05, 0.038769, 8
minkowski-0.5n, 4, 5.51336903527e-05, 0.027443, 8
minkowski-n, 4, 3.26129292887e-05, 0.027664, 8
seuclidean, 4, 2.91928709828e-06, 0.300681, 84
sqeuclidean, 4, 0.000788226357187, 0.021377, 6
canberra, 5, 0.0, 0.095163, 12
chebyshev, 5, 2.63956834772e-05, 0.077306, 8
cityblock, 5, 0.000156803037441, 0.067572, 7
cosine, 5, nan, 1.214561, 50
euclidean, 5, 4.57422455042e-05, 0.072644, 7
minkowski-0.5n, 5, 4.57422455042e-05, 0.068929, 7
minkowski-n, 5, 2.80839176838e-05, 0.070065, 7
seuclidean, 5, 3.04631284109e-06, 1.318674, 130
sqeuclidean, 5, 0.00100199208258, 0.076157, 6
canberra, 5, 3.01566018379e-07, 0.181535, 14
chebyshev, 5, 6.53316585897e-06, 0.063962, 7
cityblock, 5, 0.000141485628575, 0.069301, 7
cosine, 5, nan, 3.008314, 97
euclidean, 5, 4.07391336381e-05, 0.076824, 7
minkowski-0.5n, 5, 4.07391336381e-05, 0.071696, 7
minkowski-n, 5, 2.75671075798e-05, 0.079143, 8
seuclidean, 5, 0.0, 0.714318, 64
sqeuclidean, 5, 0.000986987426458, 0.060872, 6
canberra, 5, 0.0, 0.108989, 14
chebyshev, 5, 1.8700419588e-05, 0.070875, 7
cityblock, 5, 0.000136783986562, 0.059562, 6
cosine, 5, nan, 4.890127, 112
euclidean, 5, 3.39996598626e-05, 0.064773, 6
minkowski-0.5n, 5, 3.39996598626e-05, 0.062883, 6
minkowski-n, 5, 3.08437477088e-05, 0.070768, 7
seuclidean, 5, 7.21720154218e-06, 1.489317, 132
sqeuclidean, 5, 0.000993737237678, 0.064001, 6
canberra, 5, 0.0, 0.099222, 12
chebyshev, 5, 1.71007447705e-05, 0.065704, 7
cityblock, 5, 0.000142075065597, 0.072725, 7
cosine, 5, nan, 2.10277, 67
euclidean, 5, 4.94777948603e-05, 0.074205, 7
minkowski-0.5n, 5, 4.94777948603e-05, 0.071516, 7
minkowski-n, 5, 2.09024786102e-05, 0.071037, 7
seuclidean, 5, 1.3820363705e-05, 0.912843, 83
sqeuclidean, 5, 0.000991250248433, 0.074731, 6
canberra, 5, 0.0, 0.140796, 12
chebyshev, 5, 1.37709260457e-05, 0.065484, 7
cityblock, 5, 0.000130177063667, 0.066777, 6
cosine, 5, nan, 3.802438, 95
euclidean, 5, 5.08517547217e-05, 0.066932, 7
minkowski-0.5n, 5, 5.08517547217e-05, 0.074746, 7
minkowski-n, 5, 2.61240789285e-05, 0.065907, 7
seuclidean, 5, 3.91731231275e-06, 1.361688, 121
sqeuclidean, 5, 0.000988568887379, 0.06572, 6
canberra, 5, 0.0, 0.132612, 16
chebyshev, 5, 2.18102994154e-05, 0.081389, 8
cityblock, 5, 0.000103139445386, 0.071049, 6
cosine, 5, nan, 2.682209, 67
euclidean, 5, 6.37988741801e-05, 0.065659, 7
minkowski-0.5n, 5, 6.37988741801e-05, 0.070667, 7
minkowski-n, 5, 2.2745830222e-05, 0.073307, 7
seuclidean, 5, 5.55700789562e-06, 1.334842, 119
sqeuclidean, 5, 0.00100022449612, 0.078237, 6
canberra, 5, 0.0, 0.288093, 13
chebyshev, 5, 2.61339011161e-05, 0.080887, 9
cityblock, 5, 0.000150133560254, 0.068349, 7
cosine, 5, nan, 0.963966, 46
euclidean, 5, 5.9814664823e-05, 0.068937, 7
minkowski-0.5n, 5, 5.9814664823e-05, 0.073913, 7
minkowski-n, 5, 2.52766061806e-05, 0.06787, 7
seuclidean, 5, 2.9909502075e-07, 0.645631, 61
sqeuclidean, 5, 0.00100111100072, 0.062422, 6
canberra, 5, 0.0, 0.100061, 11
chebyshev, 5, 7.3153525193e-06, 0.059721, 6
cityblock, 5, 0.000135299415177, 0.064958, 6
cosine, 5, nan, 3.176315, 81
euclidean, 5, 5.2243755988e-05, 0.066463, 7
minkowski-0.5n, 5, 5.2243755988e-05, 0.07463, 7
minkowski-n, 5, 2.82822338846e-05, 0.083631, 7
seuclidean, 5, 4.23200657451e-06, 1.004904, 89
sqeuclidean, 5, 0.00099191807459, 0.067806, 6
canberra, 5, 0.0, 0.102137, 11
chebyshev, 5, 1.54843450559e-05, 0.067785, 7
cityblock, 5, 9.83699950865e-05, 0.062459, 6
cosine, 5, nan, 12.615811, 192
euclidean, 5, 5.57064206959e-05, 0.09129, 7
minkowski-0.5n, 5, 5.57064206959e-05, 0.073063, 7
minkowski-n, 5, 3.25605726204e-05, 0.094223, 7
seuclidean, 5, 7.20657979514e-06, 1.45581, 101
sqeuclidean, 5, 0.00099520216979, 0.073637, 6
canberra, 5, 0.0, 0.098148, 11
chebyshev, 5, 1.94037566956e-05, 0.101717, 7
cityblock, 5, 0.000151104169774, 0.072735, 7
cosine, 5, nan, 2.184791, 82
euclidean, 5, 6.05991146756e-05, 0.076478, 7
minkowski-0.5n, 5, 6.05991146756e-05, 0.07368, 7
minkowski-n, 5, 3.11383517868e-05, 0.092124, 7
seuclidean, 5, 2.03400710461e-05, 1.474798, 128
sqeuclidean, 5, 0.000997575898793, 0.064742, 6
canberra, 6, 0.0, 0.310735, 11
chebyshev, 6, 1.5030732456e-05, 0.218129, 7
cityblock, 6, 0.000165228722167, 0.178451, 6
cosine, 6, nan, 12.560845, 55
euclidean, 6, 5.54666287087e-05, 0.181446, 6
minkowski-0.5n, 6, 4.0217217375e-05, 0.245883, 7
minkowski-n, 6, 2.42971365907e-05, 0.236637, 7
seuclidean, 6, 1.04972094306e-05, 6.188681, 153
sqeuclidean, 6, 0.00119346823078, 0.209117, 6
canberra, 6, 0.0, 0.305986, 11
chebyshev, 6, 1.81328593669e-05, 0.2248, 7
cityblock, 6, 0.000169406353507, 0.191296, 6
cosine, 6, nan, 68.388367, 100
euclidean, 6, 5.84647533941e-05, 0.206389, 6
minkowski-0.5n, 6, 3.76727754059e-05, 0.335594, 6
minkowski-n, 6, 2.31083467952e-05, 0.197701, 6
seuclidean, 6, 1.46287203933e-05, 9.449787, 242
sqeuclidean, 6, 0.0011975578073, 0.234313, 6
canberra, 6, 0.0, 0.315355, 11
chebyshev, 6, 1.37462778014e-05, 0.218061, 8
cityblock, 6, 0.000177125415377, 0.23852, 7
cosine, 6, nan, 227.987165, 176
euclidean, 6, 6.03975881575e-05, 0.236707, 7
minkowski-0.5n, 6, 3.22020160297e-05, 0.241956, 7
minkowski-n, 6, 6.33895018609e-06, 0.228458, 7
seuclidean, 6, 3.37990545063e-06, 7.17725, 168
sqeuclidean, 6, 0.00119365241464, 0.243532, 6
canberra, 6, 0.0, 0.347207, 16
chebyshev, 6, 8.20192209972e-06, 0.237024, 7
cityblock, 6, 0.000165408019569, 0.189765, 6
cosine, 6, nan, 28.986456, 77
euclidean, 6, 6.15236694301e-05, 0.241316, 7
minkowski-0.5n, 6, 4.02994241711e-05, 0.319698, 7
minkowski-n, 6, 2.84223053342e-05, 0.253835, 7
seuclidean, 6, 7.77728918422e-06, 2.546521, 61
sqeuclidean, 6, 0.00119623247204, 0.216135, 6
canberra, 6, 0.0, 0.37117, 13
chebyshev, 6, 8.19551999598e-06, 0.239156, 7
cityblock, 6, 0.00015863438405, 0.194432, 6
cosine, 6, nan, 1.226232, 19
euclidean, 6, 3.00223884437e-05, 0.197981, 6
minkowski-0.5n, 6, 3.29889084867e-05, 0.238948, 7
minkowski-n, 6, 1.69805438759e-05, 0.236714, 7
seuclidean, 6, 1.67233383621e-05, 6.835756, 192
sqeuclidean, 6, 0.00118601954733, 0.221687, 6
canberra, 6, 0.0, 0.297482, 12
chebyshev, 6, 2.41673694461e-05, 0.218351, 8
cityblock, 6, 0.000172727316567, 0.19972, 6
cosine, 6, nan, 49.34046, 104
euclidean, 6, 4.68435595167e-05, 0.19967, 7
minkowski-0.5n, 6, 4.99825895162e-05, 0.228305, 7
minkowski-n, 6, 3.31408105581e-05, 0.213128, 7
seuclidean, 6, 1.85841694673e-05, 5.732093, 151
sqeuclidean, 6, 0.00120325188675, 0.24564, 6
canberra, 6, 0.0, 0.330794, 15
chebyshev, 6, 1.9437730586e-05, 0.22966, 8
cityblock, 6, 0.000185242039024, 0.225071, 7
cosine, 6, nan, 24.253681, 64
euclidean, 6, 6.17155603351e-05, 0.20674, 7
minkowski-0.5n, 6, 3.98939633328e-05, 0.219904, 7
minkowski-n, 6, 2.7545638531e-05, 0.219149, 7
seuclidean, 6, 1.86172640895e-05, 7.645691, 224
sqeuclidean, 6, 0.00120148698038, 0.213434, 6
canberra, 6, 0.0, 0.30655, 11
chebyshev, 6, 1.13816642937e-05, 0.212708, 7
cityblock, 6, 0.000166069631518, 0.202279, 6
cosine, 6, nan, 99.557678, 94
euclidean, 6, 6.66069156239e-05, 0.224166, 7
minkowski-0.5n, 6, 4.12263605938e-05, 0.219253, 7
minkowski-n, 6, 2.49553644238e-05, 0.215091, 7
seuclidean, 6, 1.75098805073e-05, 6.886428, 199
sqeuclidean, 6, 0.00119074354174, 0.256248, 6
canberra, 6, 0.0, 0.301034, 11
chebyshev, 6, 1.81705502484e-05, 0.384327, 8
cityblock, 6, 0.000182396490089, 0.229157, 7
cosine, 6, nan, 40.271704, 77
euclidean, 6, 3.33776010848e-05, 0.217102, 6
minkowski-0.5n, 6, 1.87967700498e-05, 0.238476, 6
minkowski-n, 6, 8.1128968219e-06, 0.251815, 6
seuclidean, 6, 1.8130065186e-05, 8.119096, 166
sqeuclidean, 6, 0.0012018178878, 0.220922, 6
canberra, 6, 0.0, 0.285665, 10
chebyshev, 6, 1.90940801872e-05, 0.210011, 7
cityblock, 6, 0.000173215867804, 0.187775, 6
cosine, 6, nan, 6.386913, 49
euclidean, 6, 7.28721913532e-05, 0.229111, 7
minkowski-0.5n, 6, 5.45314962039e-05, 0.298733, 8
minkowski-n, 6, 3.63279290667e-05, 0.273411, 8
seuclidean, 6, 2.66524425854e-05, 4.006579, 105
sqeuclidean, 6, 0.00120231445071, 0.20986, 6
canberra, 7, 0.0, 0.952311, 11
chebyshev, 7, 3.41571504237e-06, 0.663222, 7
cityblock, 7, 0.000183566323742, 0.587878, 6
cosine, 7, nan, 869.13883, 114
euclidean, 7, 5.49770263092e-05, 2.047179, 7
minkowski-0.5n, 7, 3.04869441266e-05, 0.726076, 7
minkowski-n, 7, 1.10283475721e-05, 0.758245, 7
seuclidean, 7, 1.17134199513e-05, 12.721404, 100
sqeuclidean, 7, 0.00138645850598, 0.590895, 6
canberra, 7, 0.0, 0.790105, 11
chebyshev, 7, 7.33797324415e-06, 0.581535, 7
cityblock, 7, 0.000189407004797, 0.584183, 6
cosine, 7, nan, 549.758856, 86
euclidean, 7, 6.49408757454e-05, 0.736662, 7
minkowski-0.5n, 7, 3.82228105593e-05, 0.71316, 7
minkowski-n, 7, 1.73998727035e-05, 0.638552, 7
seuclidean, 7, 1.19758301764e-05, 34.596056, 283
sqeuclidean, 7, 0.00138908520853, 0.663562, 6
canberra, 7, 0.0, 1.272623, 11
chebyshev, 7, 1.59493794172e-07, 0.635176, 7
cityblock, 7, 0.000196481653674, 1.094285, 7
cosine, 7, nan, 426.679357, 78
euclidean, 7, 4.89825288383e-05, 0.680311, 7
minkowski-0.5n, 7, 2.39599412311e-05, 0.741541, 7
minkowski-n, 7, 8.20252357414e-06, 0.681285, 7
seuclidean, 7, 2.17146420454e-05, 42.487967, 350
sqeuclidean, 7, 0.00138223771862, 0.716914, 6
canberra, 7, 0.0, 7.519167, 26
chebyshev, 7, 3.0475157331e-06, 0.701178, 6
cityblock, 7, 0.000174452130892, 0.633296, 6
cosine, 7, nan, 462.626023, 85
euclidean, 7, 3.62095186546e-05, 0.622275, 6
minkowski-0.5n, 7, 1.97765038337e-05, 0.620524, 6
minkowski-n, 7, 6.58006122478e-06, 0.689789999999, 6
seuclidean, 7, 1.37223203467e-05, 37.487766, 298
sqeuclidean, 7, 0.00139245175221, 0.738679, 6
canberra, 7, 0.0, 0.938372, 10
chebyshev, 7, 9.39426854529e-07, 0.659737, 7
cityblock, 7, 0.000220547096006, 0.710285, 7
cosine, 7, nan, 257.304275, 58
euclidean, 7, 5.69350165875e-05, 0.738348, 7
minkowski-0.5n, 7, 3.194731039e-05, 0.721777, 7
minkowski-n, 7, 1.55048046793e-05, 0.756530000001, 7
seuclidean, 7, 1.20871528537e-05, 48.890668, 360
sqeuclidean, 7, 0.00138681265346, 0.749256, 6
